     0  13.3  14.9     0     0     0     0     0     0     0     0     0     0     0     0     0     0     0     0     0     0     0
  13.3     0   9.3     0     0     0     0     0     0     0     0     0     0  19.8  27.9     0     0     0     0     0     0     0
  14.9   9.3     0  18.1     0  12.7     0     0     0     0     0     0     0     0     0     0     0     0     0     0     0     0
     0     0  18.1     0   6.7     0     0     0     0     0     0     0     0     0     0     0     0     0     0     0     0     0
     0     0     0   6.7     0     0  15.2     0     0  27.3     0     0     0     0     0     0     0     0     0     0     0     0
     0     0  12.7     0     0     0  15.2  11.1     0     0     0     0     0  13.4     0     0     0     0     0     0     0     0
     0     0     0     0  15.2  15.2     0  15.1     0     0     0     0     0     0     0     0     0     0     0     0     0     0
     0     0     0     0     0  11.1  15.1     0  15.1     0     7     0     0     0     0     0     0     0     0     0     0     0
     0     0     0     0     0     0     0  15.1     0    13     0     0     0     0     0     0     0     0     0     0     0     0
     0     0     0     0  27.3     0     0     0    13     0     0     0     0     0     0     0     0     0     0     0     0     0
     0     0     0     0     0     0     0     7     0     0     0   7.9  10.4   6.7     0     0     0     0     0     0     0     0
     0     0     0     0     0     0     0     0     0     0   7.9     0   7.6   7.5     0  12.7   9.5     0     0     0     0     0
     0     0     0     0     0     0     0     0     0     0  10.4   7.6     0     0     0     0  10.6     0     0     0     0     0
     0  19.8     0     0     0  13.4     0     0     0     0   6.7   7.5     0     0     0   9.3     0     0     0     0     0     0
     0  27.9     0     0     0     0     0     0     0     0     0     0     0     0     0  13.8     0     0     0     0     0     0
     0     0     0     0     0     0     0     0     0     0     0  12.7     0   9.3  13.8     0  12.5     0     0     0     0   5.3
     0     0     0     0     0     0     0     0     0     0     0   9.5  10.6     0     0  12.5     0  14.4     0     0     0     0
     0     0     0     0     0     0     0     0     0     0     0     0     0     0     0     0  14.4     0   6.9     0     0     0
     0     0     0     0     0     0     0     0     0     0     0     0     0     0     0     0     0   6.9     0     0  13.5     0
     0     0     0     0     0     0     0     0     0     0     0     0     0     0     0     0     0     0     0     0   6.9     0
     0     0     0     0     0     0     0     0     0     0     0     0     0     0     0     0     0     0  13.5   6.9     0  14.6
     0     0     0     0     0     0     0     0     0     0     0     0     0     0     0   5.3     0     0     0     0  14.6     0
